[gd_scene load_steps=11 format=3 uid="uid://cseeoc6x01qrb"]

[ext_resource type="Texture2D" uid="uid://lillp6pxab0s" path="res://textures/Tile_03-256x256.png" id="1_ysn4g"]
[ext_resource type="Texture2D" uid="uid://bypu8swa4xmcs" path="res://textures/CUM.png" id="2_hej5o"]
[ext_resource type="LightmapGIData" uid="uid://cwiaa12crxsr3" path="res://node_3d.lmbake" id="2_r40nq"]
[ext_resource type="PackedScene" uid="uid://2oxdgu03lnbk" path="res://entity/player.tscn" id="3_tt17t"]

[sub_resource type="StandardMaterial3D" id="StandardMaterial3D_cntde"]
albedo_texture = ExtResource("1_ysn4g")
uv1_scale = Vector3(60, 60, 60)

[sub_resource type="BoxMesh" id="BoxMesh_a88wq"]
lightmap_size_hint = Vector2i(204, 111)
material = SubResource("StandardMaterial3D_cntde")
add_uv2 = true
size = Vector3(20, 0.5, 20)

[sub_resource type="ConcavePolygonShape3D" id="ConcavePolygonShape3D_anh26"]
data = PackedVector3Array(-10, 0.25, 10, 10, 0.25, 10, -10, -0.25, 10, 10, 0.25, 10, 10, -0.25, 10, -10, -0.25, 10, 10, 0.25, -10, -10, 0.25, -10, 10, -0.25, -10, -10, 0.25, -10, -10, -0.25, -10, 10, -0.25, -10, 10, 0.25, 10, 10, 0.25, -10, 10, -0.25, 10, 10, 0.25, -10, 10, -0.25, -10, 10, -0.25, 10, -10, 0.25, -10, -10, 0.25, 10, -10, -0.25, -10, -10, 0.25, 10, -10, -0.25, 10, -10, -0.25, -10, 10, 0.25, 10, -10, 0.25, 10, 10, 0.25, -10, -10, 0.25, 10, -10, 0.25, -10, 10, 0.25, -10, -10, -0.25, 10, 10, -0.25, 10, -10, -0.25, -10, 10, -0.25, 10, 10, -0.25, -10, -10, -0.25, -10)

[sub_resource type="Environment" id="Environment_jb6ag"]

[sub_resource type="StandardMaterial3D" id="StandardMaterial3D_hebgk"]
albedo_texture = ExtResource("2_hej5o")

[sub_resource type="CylinderMesh" id="CylinderMesh_3d7ws"]
lightmap_size_hint = Vector2i(17, 19)
material = SubResource("StandardMaterial3D_hebgk")
add_uv2 = true

[node name="Node3D" type="Node3D"]

[node name="MeshInstance3D" type="MeshInstance3D" parent="."]
transform = Transform3D(1, 0, 0, 0, 1, 0, 0, 0, 1, 0, -0.49101, 0)
mesh = SubResource("BoxMesh_a88wq")

[node name="StaticBody3D" type="StaticBody3D" parent="MeshInstance3D"]

[node name="CollisionShape3D" type="CollisionShape3D" parent="MeshInstance3D/StaticBody3D"]
shape = SubResource("ConcavePolygonShape3D_anh26")

[node name="WorldEnvironment" type="WorldEnvironment" parent="."]
environment = SubResource("Environment_jb6ag")

[node name="DirectionalLight3D" type="DirectionalLight3D" parent="."]
transform = Transform3D(1, 0, 0, 0, 0.585736, 0.810502, 0, -0.810502, 0.585736, 0, 10.3344, 0)
light_energy = 0.2
light_bake_mode = 1
shadow_enabled = true

[node name="MeshInstance3D2" type="MeshInstance3D" parent="."]
transform = Transform3D(1, 0, 0, 0, 1, 0, 0, 0, 1, 0, 0.603008, 0.185112)
mesh = SubResource("CylinderMesh_3d7ws")

[node name="SpotLight3D" type="SpotLight3D" parent="."]
transform = Transform3D(1, 0, 0, 0, 0.828657, 0.559757, 0, -0.559757, 0.828657, 0, 1.79942, 3.4149)
light_color = Color(0.929317, 0, 0.268335, 1)
light_energy = 7.0
light_bake_mode = 1

[node name="SpotLight3D2" type="SpotLight3D" parent="."]
transform = Transform3D(-0.634164, 0.432803, -0.640716, 0, 0.828657, 0.559757, 0.773199, 0.354978, -0.525504, -3.08004, 1.58464, -1.17504)
light_color = Color(0.292741, 0.437334, 1, 1)
light_energy = 7.0
light_bake_mode = 1

[node name="SpotLight3D3" type="SpotLight3D" parent="."]
transform = Transform3D(-0.716473, -0.390495, 0.578084, -2.16965e-09, 0.828657, 0.559757, -0.697615, 0.40105, -0.59371, 2.78784, 1.58464, -2.31997)
light_color = Color(0, 0.608509, 0.143628, 1)
light_energy = 7.0
light_bake_mode = 1

[node name="LightmapGI" type="LightmapGI" parent="."]
denoiser_strength = 0.112
light_data = ExtResource("2_r40nq")

[node name="Player" parent="." instance=ExtResource("3_tt17t")]
transform = Transform3D(1, 0, 0, 0, 1, 0, 0, 0, 1, -3.61178, 0.575861, -2.26905)
